--- Summary of Bayesian Optimized Hybrid Model Run on 20250818-165444 ---
Best Smoothness Weight Found: 0.001978
Final Test Set MSE: 0.053830

--- Final Optimized Parameters (Sorted by Mu) ---
Mus:
[1.6067 1.8921 2.1102 2.2803 2.4084 2.5051 2.5792 2.6102 2.6381 2.6636
 2.6872 2.7094 2.7306 2.751  2.7713 2.7931 2.81   2.8246 2.8395 2.8554
 2.8719 2.8888 2.8954 2.9063 2.9243 2.9429 2.9623 2.9824 3.0032 3.0246
 3.0465 3.0688 3.1135 3.1577]

Pis:
[0.0089 0.0091 0.0092 0.0095 0.0097 0.01   0.0103 0.0105 0.0106 0.0108
 0.0111 0.0114 0.0119 0.0126 0.0143 0.0212 0.5272 0.0392 0.0221 0.0187
 0.0173 0.0165 0.0162 0.0159 0.0155 0.0152 0.015  0.0148 0.0146 0.0144
 0.0143 0.0142 0.014  0.0138]

Sigmas:
[0.0648 0.0648 0.0648 0.0646 0.0645 0.0643 0.0642 0.0642 0.0642 0.0642
 0.0643 0.0643 0.0644 0.0644 0.0645 0.0646 0.0639 0.0647 0.0648 0.0648
 0.0648 0.0648 0.0648 0.0648 0.0647 0.0647 0.0647 0.0647 0.0647 0.0647
 0.0647 0.0647 0.0647 0.0647]
